11
8
21
DEBUG  JE SI38 22 30 61 48 61 29 50 30 74 73 49 33 27 66 17 80 48 71 62 52 
11
16
38
48
80
31
DEBUG  JE WIBUFUDU38 22 30 61 48 61 29 50 30 74 73 49 33 27 66 17 80 48 71 62 52 53 75 59 35 10 22 28 16 63 16 
74
2
0
43
DEBUG  JE FITUBIDU38 22 30 61 48 61 29 50 30 74 73 49 33 27 66 17 80 48 71 62 52 53 75 59 35 10 22 28 16 63 16 
50
DEBUG  JE TITIKE38 22 30 61 48 61 29 50 30 74 73 49 33 27 66 17 80 48 71 62 52 53 75 59 35 10 22 28 16 63 16 
0
0
38 22 30 61 48 61 29 50 30 74 73 49 33 27 66 17 80 48 71 62 52 53 75 59 35 10 22 28 16 63 16 
0
